0.5533349769355594
0.30841420040351986
0.8458948545992482
0.08566461608952569
0.7947843964788435
0.12201228541448417
0.9106948240885754
0.437595307611113
0.17636750267954915
0.6858360970663727
0.5642324797656973
0.8619748548602065
0.40111474241228307
0.16473789372399517
0.3061917092696981
0.7918465885425123
0.7828671028346872
0.14125381927088354
0.5430782602597324
0.1664419105765903
0.3745984971199491
0.5319627571331446
0.12207710871194744
0.09890324660146033
0.8879491071091528
0.08150190255418965
0.3201378606659623
0.7262325243690841
0.242989665959484
0.42194056627409593
0.5125615662730083
0.9308261803147463
0.8968068309761197
0.6900963420324666
0.7580582169114441
0.4559665268156573
0.06531982283207305
0.6065106247377292
0.7061889411252138
0.176896388719326
0.5748092118652113
0.7371835706299871
0.5583026589741388
0.9346121900783216
0.35795886339755467
0.3828008575240638
0.29452229635256133
0.3912682780218171
0.543782327304555
0.17006795450404288
0.017030302911570927
0.8240930000883177
0.6816253276678503
0.9559001538029289
0.053849707508407674
0.6389751723591327
0.8865064166693539
0.09759926201188884
0.4175110069713863
0.6553870452871643
0.5963778111891412
0.49078120417046234
0.319441362263986
0.8910679588091568
0.19145939116824795
0.03170105965167447
0.7036074435905254
0.6579004158711191
0.9416184215043925
0.32175498141114345
0.18188907268343724
0.26966847107790826
0.6198382674588647
0.49932169248919933
0.3288550977569691
0.5578957429909828
0.6481398512607184
0.05773828572126338
0.025059802223496574
0.693718534561517
0.82688945736977
0.38808870564491127
0.4256717807936785
0.5217571153926
0.5392470917084108
0.5716154661506354
0.1751939490139166
0.7262061058461047
0.8195798036056351
0.6389482376931102
0.6892276861055205
0.6698727637203135
0.8279850226800015
0.11197577647134926
0.6806800098685113
0.6736497348176982
0.08263866061347758
0.14907045861461699
0.6205075535970606
0.8369166233088523
0.26750343178740066
0.02550727606469949
0.49203688067296125
0.23862255147727052
0.5550033500710504
0.9983024117915162
0.023095708531693293
0.5043099943225576
0.16159018483542076
0.8283288159914763
0.5616346948929479
0.2760970875894223
0.2886982529223324
0.3624494295427769
0.8982156085952179
0.08064481984935878
0.6924043460588895
0.6145412667059086
0.6326858060260455
0.4543920235010914
0.872179532145067
0.7266664742387832
0.13255520882671123
0.9558494953345998
0.272440230951981
0.04027926680812732
0.7370371063135804
0.8715024906337684
0.9501762622653654
0.26224053724067486
0.6234088468572324
0.004878528796454007
0.8777534824918115
0.3715445822402138
0.6712947138411824
0.9275946698083171
0.4220595202200633
0.4800453955484635
0.7356676212208851
0.46670762830969614
0.5694808613300864
0.33410258628869827
0.9708125556203623
0.004446248850653478
0.15077041474752573
0.5239500595695037
0.23518901733283393
0.37441499230719055
0.660684475676396
0.7537229721503167
0.15107590113158387
0.7526140980355719
0.2643386014570087
0.7174619809232844
0.09307709079712889
0.9621303568341203
0.23555225320565443
0.22504578374079642
0.23601118765664997
0.03711000411065202
0.3820222533066887
0.22688645055166723
0.8054048045545429
0.7246330148885709
0.9779853732626997
0.29735443529702277
0.842753348343061
0.8423661716348256
0.34710093678292364
0.9542833231057639
0.1229091813327623
0.0553798478934352
0.5166042754320336
0.915536559583199
0.3424019321741034
0.6872712951206335
0.2983525497753716
0.023502341416386296
0.3351911733829407
0.638745053819827
0.7432043874288139
0.10451409448102889
0.866297234237907
0.35105896286881355
0.16224558517601329
0.47257842798725924
0.5039508588108927
0.02225221712620018
0.8116927338936615
0.13542391716111402
0.17734773291980876
0.960829084225545
0.8978779581530933
0.015767882041803127
0.2897898292340344
0.04458066580368236
0.7745368596200372
0.6618302195487568
0.6759399257513904
0.7414840638980833
0.07669374308441279
0.9885071694376428
0.26711157923802165
0.04512667873543175
0.06375702763107516
0.5642497927203285
0.05996210640969002
0.9788607056317559
0.6290089016387949
0.8385752216279067
0.8716511588671676
0.030901302396013075
0.2734934013061111
0.49127164491139474
0.4084730032366005
0.9968390994974755
0.8393773703418975
0.7767404764980568
0.3751658309451633
0.22654583928749927
0.9511789102034687
0.3355520537175304
0.7085468292225321
0.19920994447931917
0.9228287455773885
0.45017434466711614
0.5318171674457363
0.6832461487401067
0.35434947152684093
0.13296636541030737
0.09482570107726018
0.47708137434681286
0.7640088226009476
0.7519116411780369
0.7907767215905441
0.8723272620583253
0.38012266176260245
0.12319876860925838
0.321310969881452
0.5326065075334735
0.6512541892652073
0.12964006104684778
0.21958577694916104
0.43930934088164264
0.12437602614764909
0.9600513626828798
0.23492447309585773
0.9198130944800524
0.08763204907671163
0.007099111935455649
0.5328009600411696
0.5442063093774698
0.7776563812654212
0.30975365126193
0.270371093959467
0.8533165353180947
0.010976884064936687
0.1813704259555451
0.8704565529913391
0.4638484648068486
0.8148514101884186
0.32555375888634286
0.2358338541204552
0.08569738058193932
0.004954692500196645
0.30934033325502963
0.22087507667106698
0.38201019591487473
0.6856545552875728
0.7368727619393358
0.9090327839701875
0.40432459527535436
0.3331864044898989
0.8466160755021142
0.63235727144971
0.5431242105439615
0.462854753995945
0.5413030966139035
0.21317868476539636
0.5484059746524137
0.8784617096788728
0.05217692189803358
0.6082827107128497
0.1953633199654934
0.15548197049305323
0.5377325468239859
0.9923534069884122
0.5970467610708126
0.3190743263885285
0.9220412156562392
0.33015219662286566
0.9988713079878642
0.6438402250594856
0.18887497597117908
0.6558473343474667
0.12909790243129116
0.12431017738856831
0.16523109786683488
0.6031034489503415
0.824923835478901
0.4434587089896579
0.5514890298077934
0.2109860033407548
0.7055750239131051
0.20111965809820198
0.5853155269021038
0.6684311842976114
0.12180079660196075
0.7549929177803687
0.26256601156003234
0.4539764211264039
0.4754295162663117
0.2740052165414264
0.48081337753482956
0.27764270166220184
0.27315145738330804
0.5071065618463645
0.8197683130142881
0.3383047359505551
0.9554528943271933
0.33015549790854737
0.9277375433990581
0.6725804516410876
0.6246333831281325
0.3493657180939903
0.6443997144890359
0.7902166200878271
0.28509574706120344
0.7118573550048913
0.05756141718306995
0.3661428318833856
0.10460659706152087
0.8021765403976833
0.6651882891948122
0.4908111478284388
0.5069823508433693
0.6882169252848181
0.6938890968673035
0.868134201804666
0.6146641778774163
0.0207975229238071
0.4111640370180438
0.3942798488412279
0.6739025727543403
0.5882210384990817
0.961110252812745
0.7507756795454728
0.6157805523073706
0.8804578206110998
0.8519115883504398
0.001822039821805621
0.8330618599305348
0.8271701929065536
0.7283212647828458
0.6984077663412938
0.5858586531392131
0.33961274741210223
0.47347990183403865
0.6607675708627018
0.18837087469134928
0.4085143566277726
0.0017936456608682594
0.4359161452197381
0.27445726585267016
0.28836771073568
0.32822987033832896
0.4084384694343507
0.9915559067580085
0.733122973652369
0.6292712044835307
0.6804119003578358
0.930479846060769
0.3391019634653297
0.0469010810367001
0.13028047685274147
0.9628713466155394
0.7980200958016996
0.9293768388929798
0.5106972432448954
0.9286059595607029
0.2663230967172511
0.05117926229683145
0.051795937770840905
0.29219549289347824
0.1166162362255787
0.1094106405959615
0.7990483421611253
0.4702467389417033
0.05278397508784405
0.4550452534703444
0.8338092536364489
0.5212908213546014
0.9424680519989568
0.5848203305920888
0.5998461399517764
0.2848053669925631
0.748892955598227
0.39318711225271186
0.7905959359705024
0.8580101299283205
0.6285970118131754
0.56362526817582
0.63958661504598
0.5070240926150656
0.6024489207220788
0.7647563968644249
4.0685038809751273E-4
0.7232297395320966
0.20439852140610237
0.5090752665408865
0.30280172087732904
0.15619891614583448
0.1657322125735612
0.6307499471517689
0.32791863506218044
0.5812909192483544
0.5021725360659022
0.34382563035513514
0.7584220935769251
0.8930432039236986
0.33698278257478875
0.7532984030238853
0.6281417131888248
0.35473096146941097
0.41530705089636055
0.5089095810792988
0.12111314307555054
0.9799813913568293
0.5432968299441158
0.015142702368083127
0.6513169353081097
0.9740849191157069
0.12014566954187234
0.24078909051689024
0.7921152673083998
0.6206542652947425
0.5219731315659987
0.7075798788164642
0.4183324573040301
0.8635396615078537
0.3435705154001415
0.6797658769645983
0.37411990151657804
0.10441675399142392
0.4073402248249961
0.9251592152413115
0.08619165896945691
0.41322085121585195
0.008331604064314435
0.673033204470772
0.804712343504476
0.4316097676187356
0.08009601104311204
0.555410289419141
0.5730637760148029
0.7388947741374767
0.8381543210022069
0.385650261923113
0.6029128805827145
0.3453871740785529
0.9861906505304021
0.6018839155868024
0.46244811746163583
0.27986588589950434
0.7546556836300912
0.08272014245277315
0.37334707709938253
0.9458791475989865
0.8822842349316623
0.8287873171638542
0.9559835040469953
0.03585132883094411
0.14810108394276644
0.6960524920708195
0.9625769196526126
0.3124733548427494
0.2148102941436345
0.965494869640724
0.8944337623267491
0.4936138413954937
0.3540326155404737
0.03859260053290514
0.9121237310412857
0.8099948062310893
0.08967677994774026
0.9592154434330742
0.11638094735664761
0.5441342621783164
0.9178001969266398
0.7798974594557243
0.10271433398007002
0.004566142685151764
0.03963515894968417
0.014097931571046995
0.6741572254969639
0.9411046256312662
0.47902679608268806
0.5459407916490873
0.734281487394293
0.3649292227410983
0.04634954754358056
0.4050558206604521
0.6765466655362801
0.10152353595939745
0.35803900544680123
0.7565277480505502
0.03625002416679035
0.1750093406565878
0.5241965140413648
0.304592322929346
0.7777885923866268
0.2991747343964978
0.1762940711372012
0.06360074723521003
0.3526399292190674
0.3335034992584909
0.2228273093217903
0.11090733757900106
0.5824131629496702
0.5517702109763553
0.0928350055264392
0.5037176679776619
0.4965174962262714
0.9662737328733199
0.2555234268112513
0.015567230261488318
0.4854408556590545
0.7525392156317529
0.4888045070276511
0.7279837729811821
0.5183258987058601
0.027326986046628532
0.7103769178746095
0.7990190341790003
0.717477062289819
0.8470441099459681
0.18204942795798162
0.9227183581842963
0.2826264255381742
0.31416247633764094
0.5513266390997447
0.0922299200661082
0.6142326763278712
0.10600479436838328
0.5038466708023224
0.2841374536057305
0.4977815452954433
0.573268233159877
0.7660817606964591
0.5927336503087843
0.38000252959211
0.7949124659544663
0.8197819929722486
0.16033417363493607
0.09311122080078871
0.6215475844918418
0.967963630537071
0.9733648421096465
0.8646323404341822
0.7912142849795377
0.3268129356594265
0.22383740942983144
0.0880535712385262
0.6594572461756437
0.9086974944226797
0.4719625239852556
0.1235058538451107
0.9498500407627095
0.20854691729411856
0.28803046877953575
0.34786107226933416
0.20163788248515713
0.6091849659367615
0.4003241904845315
0.7800830975641001
0.2679221640824122
0.4807661467923161
0.6307108254803132
0.8703638906604898
0.3008188746379781
0.0652889923392379
0.06069162334728384
0.46052130785888834
0.14928028827860618
0.10923015123296698
0.9380723526145046
0.498331029794678
0.9907779349647936
0.7356619192900342
0.8080496169366967
0.8199095310293347
0.3198015350597391
0.23178755079708346
0.23239088140570086
0.20196132215183094
0.12413750457608852
0.26864857221862204
0.24651900282463324
0.9296482531379376
0.19414792827522187
0.5668280320723931
0.3966949741299931
0.3260345055432461
0.03077846048109878
0.17529518809656164
0.7981251784188238
0.04550538439394047
0.7447821340232267
0.34010598119196345
0.15970253668972023
0.446254754468571
0.6726530774495193
0.40549543742670546
0.13222333334513126
0.025879585616265355
0.1740226546830974
0.31196694397729985
0.6543049283615481
0.7293168959243181
0.22077789723074426
0.03430512271471797
0.19386164552917784
0.9198025537745794
0.9399198764078514
0.737008143586349
0.9128796190083952
0.9412273904618571
0.23018820455198663
0.5154563983558004
0.8193637673503997
0.49421123168199177
0.9367342243259346
0.33820436439793966
0.912712835200203
0.4984105983961912
0.8386351424896669
0.2091030311470522
0.1774118365599111
0.7200212831672012
0.8807974152057758
0.6275303655778668
0.03481311887319316
0.20613231510591512
0.6648066525453573
0.14082783693099998
0.5239110566637606
0.4865331340757222
0.20253859082352277
0.15511117031105404
0.04939736663248351
0.5787711027762453
0.3318537414072469
0.19894368592085543
0.008917476343733854
0.06370170436117162
0.9954559418078969
0.5189314462990651
0.9913306235049902
0.8864692907668077
0.7920030436615778
0.22711896634387352
0.5239098710562539
0.0818013029795952
0.8228155530484852
0.21713515214404433
0.5388003573318806
0.32269447742987867
0.8780371451821153
0.7193592640318222
0.8276871552158573
0.04801657987982033
0.4328584902233392
0.6749468514828735
0.758507255017308
0.937242876569545
0.7574238078254554
0.07437615504551498
0.43917248887411886
0.6694912228696506
0.6832974338491042
0.028245787536236966
0.3306531848663039
0.22921601937030966
0.21487531429107154
0.6163743846746786
0.03540549984992014
0.5023652712991462
0.2258841858833538
0.495824067782319
0.6170076584234039
0.544501611093226
0.9391193494453894
0.8392888290890078
0.34300355425393825
0.6963324437681635
0.7518290945120324
0.4223602376843404
0.18533450147790553
0.672290209830282
0.23966246560543447
0.581502431025292
0.7613736826277658
0.8542489552964252
0.8488539382185183
0.3241392877078527
0.6534592406328922
0.2851586979784676
0.8693275108284393
0.08807628971963011
0.2059561765969221
0.2763244537534929
0.7706592179096614
0.5195506780308029
0.9662591460719164
0.11725190825044474
0.8783462241651493
0.16752317842600317
0.9097811875866868
0.10842719918742749
0.6695873311400822
0.1763952687200937
0.46885674239428154
0.025093725060541194
0.6757882949668252
0.9001559603028649
0.1716194393575622
0.1640338252768626
0.09326279327692577
0.8580327919317166
0.38929825876624014
0.3255587474315038
0.724107963543812
0.6050416321166363
0.28900870628426345
0.43935567988540847
0.7959907337771959
0.9004005676436676
0.5939980612270428
0.055535797007830734
0.5425897657394765
0.022592906128020118
0.16443675935310742
0.5911725384285283
0.16569491437624884
0.20193552416181715
0.7292307246616733
0.04781481180653424
0.9454742528482244
0.9198280670606016
0.3229624541534424
0.896905113337097
0.8171766687229288
0.25842981512601193
0.11195130299146483
0.9677277610906426
0.690545281990818
0.5753305004275892
0.3295559832129552
0.4664576376155233
0.1524757196872777
0.5248521613118033
0.983225879777526
0.7050756062840303
0.9639598499367362
0.8509393816248036
0.8444396167752097
0.7253615956013586
0.9391145048443015
0.4361654697254038
0.9875529503375912
0.7658718166530146
0.3771019537280891
0.8072023632722228
0.8047102747442195
0.43875209499111034
0.20700676519405048
0.6691725677146216
0.9913573375916138
0.5584342337053106
0.40124160755702276
0.06962175766277257
0.470525008025247
0.7957079755909225
0.014812303292976448
0.47742070145092175
0.6039375578151672
0.7183562922206829
0.41578026828312664
0.4027256105942144
0.32413066493140885
0.32348691788884676
0.8865184050865026
0.1811967035605897
0.0141482416584221
0.8668888032680164
0.7958639257026489
0.19899442583534244
0.06001918596372846
0.6511867735672336
0.9690299433764802
0.14464347180956716
0.006098474455701441
0.44726374670740265
0.7151451323077753
0.8396753313831117
0.1544895120615709
0.39236452261300037
0.211548649762887
0.8220294475530957
0.2671476388316416
0.5334910922674474
0.5894752360983574
0.1345146926310693
0.752897557081683
0.6661439822867564
0.11752353574053542
0.7052020562297053
0.3514798545969581
0.7561601935539441
0.3373079943267965
0.2974402707017155
0.8628754009661279
0.026343367134738616
0.8699531062523413
0.2542565676426851
0.9125381593555881
0.739776558013282
0.8825958838925337
0.16522447495554982
0.09180092338933632
0.8181544139004043
0.8808210409061168
0.14345153947424805
0.06760000910394925
0.6961657830758923
0.5759603533220807
0.6161597706765266
0.41679925041140387
0.23190379054002486
0.06544630653140104
0.404402011202886
0.007774921869120099
0.06847545405252187
0.4599171755888446
0.3957776642868037
0.7255571817737902
0.573428272231128
0.39252916021645734
0.2985818726394448
0.21670591072190737
0.3703064885348327
0.5539383925778433
0.8066420961225125
0.11623172549539129
0.5205951411856105
0.5106741629641426
0.0011664922960322732
0.9112557005749581
0.6145052220620159
0.5851316900746013
0.9692491176088464
0.19473434698939396
0.3854986598570205
0.5021714619411004
0.42824691804457726
0.5674590100234344
0.9761471908136966
0.8403189697548001
0.6110636903167783
0.8576717091815979
0.6518641712113776
0.06481772222930648
0.7894471152587643
0.6450223322226629
0.5842443009715923
0.06529487509758902
0.590724731231066
0.2992246822139678
0.3071908768167062
0.6725577648887399
0.6979749215968117
0.8736522054876328
0.5867060797398761
0.587046821632294
0.6144501283309414
0.23024628745538944
0.7391646750572953
0.515728240086145
0.9201386381042335
0.7144934150593373
0.8830869584370308
0.08471780253149008
0.8516726347463106
0.5478603171504924
0.21587237099818435
0.2716847720782688
0.09636006245392192
0.8599582582838616
0.1696500665823083
0.6850929611666294
0.40693791110544264
0.9438417191116063
0.2193482453251141
0.006593405615638259
0.015715474220760695
0.8852282028905041
0.1912794799389983
0.30839138790370846
0.8550960043165824
0.19005983958420014
0.1519844503476342
0.7591680066220988
0.2760354599644913
0.41470921217586476
0.3447716622079424
0.44014442332780657
0.29681771866398343
0.08926594896699935
0.18533649616209114
0.6071347819923063
0.41159542329416676
0.416721791108707
0.028037663353886688
0.7549415451943706
0.6414666980742169
0.3295063595839691
0.2708549149825753
0.2672048635572374
0.8204272877083094
0.4897072879328457
0.37974708992959183
0.2678252032524646
0.07435892130241184
0.7304420908027776
0.5820744486929388
0.5293366947546144
0.07328437894513473
0.253231453128804
0.3039454029297126
0.9391158804035332
0.9154404810483485
0.6198567110718951
0.9077920785959606
0.07606903839444235
0.43629013619799073
0.20706679776207448
0.9241754467806568
0.9084484537682579
0.32641523699334984
0.32863330472036334
0.7657650412470949
0.4877061428908769
0.689302318555409
0.6716344476049187
0.8616347128443708
0.7838014097965341
0.5733532808231178
0.04248194722322962
0.2564600673924927
0.484136161022101
0.5720236912970433
0.6730875789519275
0.9818994273067784
0.6612998752344402
0.8018117212710755
0.4986989422504837
0.9263851294597636
0.7040641127202727
0.4398906274368948
0.8863167823389879
0.5047468699712713
0.8015737573129056
0.5314988241049068
0.26623901793798
0.16053516558916614
0.5724406573165741
0.9617706911014834
0.9991594177341349
0.6216070063773959
0.13845251376549428
0.3275129778379523
0.5973818325557283
0.8734824770578271
0.05686801889748694
0.941500630683788
0.11109350857561229
0.015174847215718157
0.04577736175227054
0.3551874381317679
0.08927383054984395
0.5186437364712557
0.3637639800200383
0.5952959601193201
0.029697947652976953
0.9257145802061065
0.03811263256168007
0.7755725824418241
0.6436269853980557
0.6852542216183659
0.875065607817108
